333333333333333333333333333333333333333333333333333 
333333333333333333333333333333333333333333333333333 
333333333333333333333333333333333333333333333333333 
333333333333333333333333333333333333333333333333333 
333333333333333333333333333333333333333333333333333 
333333333333333333333333333333333333333333333333333 
333333333333333333333333555d33333333333333333333333 
333333333333333333333333535d33333333333333333333333 
33333333333333333333333355d333333333333333333333333 
3333333333333333333333335d5d33333333333333333333333 
3333333333333333333333335d5d33333333333333333333333 
333333333333333333333333333333333333333333333333333 
333333333333333333333333333333333333333333333333333 
333333333333333333333333333333333333333333333333333 
333333333333333333333333333333333333333333333333333 
333333333333333333333333333333333333333333333333333 
333333333333333333333333333333333333333333333333333 
333333333333333333333333333333333333333333333333333 
333333333333333333333333333333333333333333333333333 
